E: 1518480501.798258 0001 0001 1
E: 1518480501.798258 0000 0000 0
E: 1518480501.945122 0001 0001 0
E: 1518480501.945122 0000 0000 0
