E: 1480652998.720179 0001 001c 1
E: 1480652998.720179 0000 0000 0
E: 1480652998.835039 0001 001c 0
E: 1480652998.835039 0000 0000 0
